10010001 00000000 00000000 00000000 10010001 00000000
00100100 00100001 10010100 00000000 00000000 00001010
10010100 00000000 00000000 00111000 00010100 00000000
00000000 01000010 10001011 00011111 00000011 11111111
11111000 01000000 00000000 00001101 11101011 00000001
00000001 10111111 01010100 00000000 00000000 01101100
10010001 00000000 00100000 00000000 00010111 11111111
11111111 11111100 11010110 00000000 00000011 11000000
11010001 00000000 01000011 10011100 11111000 00000000
00000011 10000000 11111000 00000000 10000011 10000001
10110100 00000000 00000000 10100001 11111000 00000000
00000000 00000001 10010001 00000000 00100000 00000000
11010001 00000000 00000100 00100001 00010111 11111111
11111111 11111100 11111000 01000000 00000011 10000000
11111000 01000000 10000011 10000001 10010001 00000000
01000011 10011100 11010110 00000000 00000011 11000000
11010001 00000000 00000100 01000010 11010011 01100000
00001100 01000010 10001011 00000000 00000000 01000010
11101011 00000001 00000000 01011111 01010100 00000000
00000000 11001011 11111000 01000000 00000000 01001100
10010001 00000000 00100000 01000010 11111000 00000000
00000000 01001100 11010001 00000000 01000000 01000010
00010111 11111111 11111111 11111010 11010110 00000000
00000011 11000000 10001011 00000000 00000011 11110011
10001011 00000001 00000011 11110100 10001011 00000010
00000011 11110101 10001011 00000001 00000011 11101001
11010011 01100000 00001101 00101001 10001011 00001001
00000000 00001001 11111000 01000000 00000001 00101010
10001011 00001010 00000011 11100001 11010001 00000000
00100011 10011100 11111000 00000000 00000011 10011110
10010111 11111111 11111111 11011000 11111000 01000000
00000011 10011110 10010001 00000000 00100011 10011100
10001011 00000000 00000011 11110110 10001011 00000000
00000011 11100001 10001011 00010011 00000011 11100000
10001011 00010100 00000011 11100010 11010001 00000000
00100011 10011100 11111000 00000000 00000011 10011110
10010111 11111111 11111111 11100010 11111000 01000000
00000011 10011110 10010001 00000000 00100011 10011100
11111000 00000000 00000010 11001010 11010110 00000000
00000011 11000000 10010001 00000000 00000111 11111001
10001011 00000000 00000011 11110111 10001011 00000001
00000011 11111000 11101011 00011000 00000011 00111111
11111111 10100000 00000000 00011001 01010100 00000000
00000000 11001010 11010001 00000000 00000111 00000010
10001011 00011001 00000011 11100001 10010111 11111111
11111111 11100000 10010001 00000000 00000111 00111001
00010111 11111111 11111111 11111001 11111111 11100000
00000000 00000000                                